{
 "cells": [
  {
   "cell_type": "markdown",
   "metadata": {},
   "source": [
    "https://openmvg.readthedocs.io/en/latest/openMVG/cameras/cameras/"
   ]
  },
  {
   "cell_type": "code",
   "execution_count": 317,
   "metadata": {},
   "outputs": [],
   "source": [
    "import json\n",
    "import pandas as pd\n",
    "import numpy as np\n",
    "import sys\n",
    "from mpl_toolkits.mplot3d import Axes3D \n",
    "import matplotlib.pyplot as plt\n",
    "\n",
    "plt.rcParams[\"figure.figsize\"] = (12, 9)\n",
    "plt.rcParams[\"figure.constrained_layout.use\"] = True\n",
    "\n",
    "# dimensions = 8688 * 5792 px\n",
    "\n",
    "model = '20200108-114317-20191022-00001-italy-venice-san_barnaba-0002-calle_dei_colori' \n",
    "sfm_data_path = \"/media/gargantua/1000-plane/0000-sfm/\" + model[0:4] + \"/\" + model[4:8] + \"/\" + model + \"/systems/omvg/sfm_data.json\"\n",
    "\n",
    "with open(sfm_data_path) as sfm_data:\n",
    "    data = json.load(sfm_data)\n",
    "    views = data['views']\n",
    "    extrinsics = data['extrinsics']\n",
    "    intrinsics = data['intrinsics']\n",
    "    structure = data['structure']\n",
    "    \n",
    "views_keys = []\n",
    "files = []\n",
    "for view in views:\n",
    "    views_keys.append(view['key'])\n",
    "    files.append(view['value']['ptr_wrapper']['data']['filename'].replace('.tif',''))\n",
    "    \n",
    "key_to_file_dict = dict(zip(views_keys,files))\n",
    "    \n",
    "extrinsics_keys = []\n",
    "camera_poses = []\n",
    "for extrinsic in extrinsics:\n",
    "    extrinsics_keys.append(extrinsic['key'])\n",
    "    camera_poses.append([extrinsic['value']['rotation'],extrinsic['value']['center']])\n",
    "    \n",
    "key_to_pose_dict = dict(zip(extrinsics_keys,camera_poses))\n"
   ]
  },
  {
   "cell_type": "code",
   "execution_count": 321,
   "metadata": {
    "scrolled": false
   },
   "outputs": [
    {
     "data": {
      "text/plain": [
       "[{'key': 0,\n",
       "  'value': {'rotation': [[0.7241709767931045,\n",
       "     0.08603198552950196,\n",
       "     -0.6842330698207829],\n",
       "    [-0.17881880562656138, 0.9816775894715586, -0.06582510982596433],\n",
       "    [0.6660332057223656, 0.17002237439572998, 0.726286555761586]],\n",
       "   'center': [-1.6721934148086754,\n",
       "    -0.014834837639469778,\n",
       "    -0.1733064691035923]}},\n",
       " {'key': 1,\n",
       "  'value': {'rotation': [[0.9674229513636796,\n",
       "     0.005346881025226001,\n",
       "     -0.2531091543940867],\n",
       "    [-0.0012923021932846046, 0.9998682174221006, 0.016182637121066993],\n",
       "    [0.25316232565259145, -0.015328361049146177, 0.967302371659306]],\n",
       "   'center': [-1.6743023208938268,\n",
       "    -0.03556722435485633,\n",
       "    -0.17374244198503602]}},\n",
       " {'key': 2,\n",
       "  'value': {'rotation': [[0.9935947949696335,\n",
       "     0.03436406365301363,\n",
       "     -0.10764987012766607],\n",
       "    [-0.038754240828493366, 0.9984890327712245, -0.03895844264587218],\n",
       "    [0.10614844429881617, 0.04288079482514522, 0.9934252589944071]],\n",
       "   'center': [-1.5760706281149852,\n",
       "    -0.032330976382201504,\n",
       "    -0.15046654263427026]}},\n",
       " {'key': 3,\n",
       "  'value': {'rotation': [[0.9514020664665266,\n",
       "     -0.02473129164263411,\n",
       "     0.3069567903417515],\n",
       "    [0.035678245300549645, 0.9989098708696533, -0.030102037994897534],\n",
       "    [-0.3058777055221528, 0.039590820815681806, 0.9512472844490247]],\n",
       "   'center': [-1.5564721409299795,\n",
       "    -0.03226376375815476,\n",
       "    -0.13590687317625622]}},\n",
       " {'key': 4,\n",
       "  'value': {'rotation': [[0.8190193663777512,\n",
       "     -0.036616238737340295,\n",
       "     0.5725963050517504],\n",
       "    [0.02532059416472994, 0.999295952749013, 0.027685128328897916],\n",
       "    [-0.5732068954656182, -0.008176177601581427, 0.8193698829652548]],\n",
       "   'center': [-1.473669204429039,\n",
       "    -0.035862424213896384,\n",
       "    -0.15323269098884992]}},\n",
       " {'key': 5,\n",
       "  'value': {'rotation': [[0.6209960122911289,\n",
       "     -0.07896114982819816,\n",
       "     0.7798263201100134],\n",
       "    [0.030636492370126087, 0.9965977450760539, 0.07651365789569825],\n",
       "    [-0.783214758577602, -0.02362353333296233, 0.6213023182148084]],\n",
       "   'center': [-1.4734096498298541,\n",
       "    -0.037505237007408675,\n",
       "    -0.1585543067799615]}},\n",
       " {'key': 6,\n",
       "  'value': {'rotation': [[0.9937499679861242,\n",
       "     0.0008481542443229816,\n",
       "     0.11162563219061707],\n",
       "    [-0.0021963964540407128, 0.9999261142299143, 0.011955832203622533],\n",
       "    [-0.11160724425499344, -0.01212628201232089, 0.9936784068874416]],\n",
       "   'center': [-1.4373924596562553,\n",
       "    -0.03983386181938256,\n",
       "    -0.11668073546944252]}},\n",
       " {'key': 7,\n",
       "  'value': {'rotation': [[0.9908267732827067,\n",
       "     0.012808938972385045,\n",
       "     0.13452968604951637],\n",
       "    [-0.01553318113946254, 0.9996946087460478, 0.019220029338560273],\n",
       "    [-0.13424241367715484, -0.021133393633966793, 0.9907231470212269]],\n",
       "   'center': [-1.1971963891522668,\n",
       "    -0.035887556776142256,\n",
       "    -0.11491032582301913]}},\n",
       " {'key': 8,\n",
       "  'value': {'rotation': [[0.9813658097970297,\n",
       "     -0.0004991239141710227,\n",
       "     0.19214811536088133],\n",
       "    [-0.006932608651316589, 0.9992535825047357, 0.038002852376354944],\n",
       "    [-0.19202366077832164, -0.038626787683803565, 0.9806298409565775]],\n",
       "   'center': [-0.9717216361274481,\n",
       "    -0.040874151968394244,\n",
       "    -0.058583232167237397]}},\n",
       " {'key': 9,\n",
       "  'value': {'rotation': [[0.9710587384309455,\n",
       "     -0.01858084110276858,\n",
       "     0.2381169436659521],\n",
       "    [0.015115809531632139, 0.9997517427306888, 0.016369642914676314],\n",
       "    [-0.23836199113764753, -0.01229655443058173, 0.9710985304952489]],\n",
       "   'center': [-0.7369959879623816,\n",
       "    -0.03340726411076837,\n",
       "    -0.026465162270807776]}},\n",
       " {'key': 10,\n",
       "  'value': {'rotation': [[0.9726829512876535,\n",
       "     -0.008742475911473327,\n",
       "     0.23197294107131924],\n",
       "    [0.0022518291805281574, 0.9995989107587459, 0.02823024752407728],\n",
       "    [-0.23212670147934764, -0.026936717039503132, 0.9723125051831081]],\n",
       "   'center': [-0.4664007457559182,\n",
       "    -0.03069530194804363,\n",
       "    -0.004720248373165777]}},\n",
       " {'key': 11,\n",
       "  'value': {'rotation': [[0.9618760708531231,\n",
       "     0.01363263657839078,\n",
       "     0.2731457038653169],\n",
       "    [-0.018359742353970854, 0.9997225297925293, 0.014757482370690115],\n",
       "    [-0.272868730676224, -0.019209753906464875, 0.9618594705953669]],\n",
       "   'center': [-0.2735502963503425,\n",
       "    -0.02222483272478474,\n",
       "    0.018683407722968087]}},\n",
       " {'key': 12,\n",
       "  'value': {'rotation': [[0.9864840391938169,\n",
       "     -0.00807745016272609,\n",
       "     0.1636581657440921],\n",
       "    [0.006501416849818544, 0.9999272161077704, 0.01016336882678441],\n",
       "    [-0.1637283481709778, -0.008961991175683777, 0.9864647539164134]],\n",
       "   'center': [0.4811500436285656,\n",
       "    -0.0026371635276296337,\n",
       "    0.09081442119354553]}},\n",
       " {'key': 13,\n",
       "  'value': {'rotation': [[0.9989826524053659,\n",
       "     0.0017772576028776176,\n",
       "     0.045061086854989295],\n",
       "    [-0.0025473878225686854, 0.9998515781498903, 0.017039145707904168],\n",
       "    [-0.04502411585385441, -0.017136599037929724, 0.9988389089162435]],\n",
       "   'center': [0.4841570355238253,\n",
       "    -0.0032345288603970843,\n",
       "    0.09092584060453562]}},\n",
       " {'key': 14,\n",
       "  'value': {'rotation': [[0.9879067040290231,\n",
       "     -0.009733483824354076,\n",
       "     0.15474367007135698],\n",
       "    [0.012476420354896496, 0.999781623474002, -0.016764375885097584],\n",
       "    [-0.15454670190476363, 0.01849228640082006, 0.9878124074306974]],\n",
       "   'center': [1.2294829232342388,\n",
       "    0.0003716208915482954,\n",
       "    0.08778779709698523]}},\n",
       " {'key': 15,\n",
       "  'value': {'rotation': [[0.9911458663263671,\n",
       "     -0.015430749574598479,\n",
       "     0.13187783601394584],\n",
       "    [0.011557601363382063, 0.999480540549522, 0.030084396513151174],\n",
       "    [-0.13227355561441717, -0.0282938337876185, 0.9908093486916231]],\n",
       "   'center': [-0.011269553919404856,\n",
       "    -0.008152887988414988,\n",
       "    -0.034568780584361816]}},\n",
       " {'key': 16,\n",
       "  'value': {'rotation': [[0.9990827066218363,\n",
       "     -0.0006107503749572196,\n",
       "     0.04281789711283357],\n",
       "    [0.0009132298832819109, 0.9999747658297832, -0.007045119931602716],\n",
       "    [-0.04281251382908965, 0.007077760072923817, 0.9990580533542504]],\n",
       "   'center': [0.024842611020132774,\n",
       "    -0.008313479915377743,\n",
       "    -0.007794519319283676]}},\n",
       " {'key': 17,\n",
       "  'value': {'rotation': [[0.9977608112796722,\n",
       "     0.029026662201885513,\n",
       "     -0.060256255741192866],\n",
       "    [-0.030574968627327045, 0.9992214248935531, -0.02493422000254455],\n",
       "    [0.05948558453918373, 0.02672072070725183, 0.9978714688360003]],\n",
       "   'center': [0.2517567574126421,\n",
       "    -0.003282614103147555,\n",
       "    0.019877404839076924]}},\n",
       " {'key': 18,\n",
       "  'value': {'rotation': [[0.9985616015358246,\n",
       "     0.022471818017217402,\n",
       "     -0.04868003012745646],\n",
       "    [-0.022417430056117963, 0.9997473147064346, 0.0016629993843128347],\n",
       "    [0.04870510001927996, -0.0005693261580405745, 0.9988130401130323]],\n",
       "   'center': [0.5071349234020515,\n",
       "    -0.007144290089288787,\n",
       "    0.06561638242297362]}},\n",
       " {'key': 19,\n",
       "  'value': {'rotation': [[0.9985875231535047,\n",
       "     0.008908085407976215,\n",
       "     0.05237942932595575],\n",
       "    [-0.008407257661339703, 0.9999168889165304, -0.009774112650404183],\n",
       "    [-0.05246214464510993, 0.009319939584093205, 0.9985794220318104]],\n",
       "   'center': [0.7457395522924053,\n",
       "    -0.009731766565572897,\n",
       "    0.10533951957334217]}},\n",
       " {'key': 20,\n",
       "  'value': {'rotation': [[0.9964945469746209,\n",
       "     0.0017103560673179176,\n",
       "     0.08364025664695214],\n",
       "    [-0.0008717782995842509, 0.9999490018003485, -0.010061500935887766],\n",
       "    [-0.08365319989361679, 0.009953315056275733, 0.9964452185980668]],\n",
       "   'center': [0.962985824395007, -0.005723193321022183, 0.1033981572591854]}},\n",
       " {'key': 21,\n",
       "  'value': {'rotation': [[0.9995934061553297,\n",
       "     0.00966988740224174,\n",
       "     -0.026823788852697806],\n",
       "    [-0.00948939591669947, 0.9999315262009582, 0.006847939438892782],\n",
       "    [0.02688817092928182, -0.006590613556459082, 0.9996167215873428]],\n",
       "   'center': [0.963122456117659,\n",
       "    -0.0068353170640244616,\n",
       "    0.10236412111099243]}},\n",
       " {'key': 22,\n",
       "  'value': {'rotation': [[0.9986747135821713,\n",
       "     0.014615891537434852,\n",
       "     -0.049347666268366314],\n",
       "    [-0.012941739829732993, 0.9993354349001591, 0.03407638365627012],\n",
       "    [0.04981292825911383, -0.03339257802979206, 0.9982001842870881]],\n",
       "   'center': [1.2142463917020232,\n",
       "    -0.0035553096493108906,\n",
       "    0.07546135981256653]}},\n",
       " {'key': 23,\n",
       "  'value': {'rotation': [[0.9988280514251116,\n",
       "     0.01457141286872365,\n",
       "     -0.046154063887419335],\n",
       "    [-0.012463842139633908, 0.9988807906384305, 0.04562695182304297],\n",
       "    [0.046767256979996986, -0.04499822241548208, 0.9978917695091055]],\n",
       "   'center': [1.443446416901868,\n",
       "    -0.0009501936679313486,\n",
       "    0.08459080404471638]}},\n",
       " {'key': 24,\n",
       "  'value': {'rotation': [[0.9980661511703421,\n",
       "     0.021353159618448903,\n",
       "     -0.05837808203708551],\n",
       "    [-0.018920835612176917, 0.9989424286666282, 0.04190496616578225],\n",
       "    [0.059211146482369525, -0.04071936620242782, 0.997414644642997]],\n",
       "   'center': [1.6577145143174705,\n",
       "    -0.002151395491664944,\n",
       "    0.12116076859235436]}},\n",
       " {'key': 25,\n",
       "  'value': {'rotation': [[0.9985083001505952,\n",
       "     0.03084292900358156,\n",
       "     -0.04505428127102833],\n",
       "    [-0.028599127226705313, 0.9983583644604641, 0.04962525600636991],\n",
       "    [0.04651090680947459, -0.048262716897280636, 0.9977511942891641]],\n",
       "   'center': [1.8867047777437533,\n",
       "    -0.0034366565867580755,\n",
       "    0.1430394024325535]}},\n",
       " {'key': 26,\n",
       "  'value': {'rotation': [[0.9983423183813349,\n",
       "     0.03245099039667713,\n",
       "     -0.04753470891102858],\n",
       "    [-0.029721827775571582, 0.9979295456476859, 0.05703713594740315],\n",
       "    [0.04928720201696088, -0.05552976810394634, 0.9972397989308596]],\n",
       "   'center': [2.1099642520996955,\n",
       "    -0.0019011328604022456,\n",
       "    0.14808230704427075]}},\n",
       " {'key': 27,\n",
       "  'value': {'rotation': [[0.9882625298143084,\n",
       "     0.03802423269783708,\n",
       "     -0.1479571893919452],\n",
       "    [-0.032492960623831425, 0.9986861979128537, 0.03962430577646095],\n",
       "    [0.14926948675104815, -0.034351649539855776, 0.9881996683357922]],\n",
       "   'center': [2.119271293837912, -0.004656007883314308, 0.16699948982079674]}},\n",
       " {'key': 28,\n",
       "  'value': {'rotation': [[0.9965227585912402,\n",
       "     0.04140973766825123,\n",
       "     -0.07230231833040698],\n",
       "    [-0.03952015264454818, 0.9988437714164506, 0.02737293987705403],\n",
       "    [0.07335222658281412, -0.024420358900061626, 0.9970070696472195]],\n",
       "   'center': [2.3867126655973996, 0.0010231083500353165, 0.1723568550064495]}},\n",
       " {'key': 29,\n",
       "  'value': {'rotation': [[0.9951250572473702,\n",
       "     0.02547607960094081,\n",
       "     0.09527376242483986],\n",
       "    [-0.029626563742830167, 0.9986611084678743, 0.04240586226583249],\n",
       "    [-0.0940658660684646, -0.04502177031040941, 0.9945474614310302]],\n",
       "   'center': [2.6399688814092688,\n",
       "    0.0015424567196293281,\n",
       "    0.18126924299388142]}},\n",
       " {'key': 30,\n",
       "  'value': {'rotation': [[0.9990265062968877,\n",
       "     0.03290343985683972,\n",
       "     -0.029383726139173245],\n",
       "    [-0.03157145888049168, 0.9985015179334477, 0.04469856450444935],\n",
       "    [0.030810431681364412, -0.04372736363180758, 0.9985682925916582]],\n",
       "   'center': [2.643605315533502, 0.0021759038854387174, 0.18837537326215933]}},\n",
       " {'key': 31,\n",
       "  'value': {'rotation': [[0.9989863215809941,\n",
       "     0.028196096073863204,\n",
       "     -0.03509001938255533],\n",
       "    [-0.026614253206045237, 0.9986432713997407, 0.04475821728250834],\n",
       "    [0.036304418744267805, -0.04377895218272353, 0.9983813863075692]],\n",
       "   'center': [2.906267740851775,\n",
       "    -0.0009249683698863588,\n",
       "    0.22423528067463372]}},\n",
       " {'key': 32,\n",
       "  'value': {'rotation': [[0.9991323902733403,\n",
       "     0.028549649368055263,\n",
       "     -0.03032134937041449],\n",
       "    [-0.026888310946606642, 0.9981867843691309, 0.053853154459631514],\n",
       "    [0.03180385890297319, -0.052991141068818644, 0.9980883996556139]],\n",
       "   'center': [3.1607548057826143,\n",
       "    4.1302748165152144e-05,\n",
       "    0.27899817079812655]}},\n",
       " {'key': 33,\n",
       "  'value': {'rotation': [[0.9978038558818872,\n",
       "     0.006219823725518224,\n",
       "     0.06594527261344399],\n",
       "    [-0.009326331936880329, 0.9988558300835139, 0.04690469316366609],\n",
       "    [-0.06557808109300768, -0.04741671119972387, 0.9967202068680864]],\n",
       "   'center': [3.380709409877494, 0.007034472164711969, 0.318010630292946]}},\n",
       " {'key': 34,\n",
       "  'value': {'rotation': [[0.9999244462064464,\n",
       "     -0.0002477745901708424,\n",
       "     -0.0122898529887017],\n",
       "    [0.0011712122814102905, 0.9971686805396283, 0.07518810286640173],\n",
       "    [0.012236426787396237, -0.07519681614675718, 0.9970936308596438]],\n",
       "   'center': [3.649843196920211, 0.013333293412265235, 0.3262054889517848]}},\n",
       " {'key': 35,\n",
       "  'value': {'rotation': [[0.9978234822976679,\n",
       "     0.01580130402212276,\n",
       "     -0.06402044178663627],\n",
       "    [-0.011640382910164958, 0.9978269322103648, 0.06485302492063807],\n",
       "    [0.06490608339023682, -0.06396664870737415, 0.9958390774578426]],\n",
       "   'center': [3.910634611964555, 0.019899185676072923, 0.3753015880753346]}},\n",
       " {'key': 36,\n",
       "  'value': {'rotation': [[0.9993043274948834,\n",
       "     0.018971501860687974,\n",
       "     0.03210830371023642],\n",
       "    [-0.02110227413919728, 0.9975042363042258, 0.06737946705990937],\n",
       "    [-0.030749879286804283, -0.06801015124430439, 0.9972106418663881]],\n",
       "   'center': [4.154470277489908, 0.02882650653440376, 0.3880992990503019]}},\n",
       " {'key': 37,\n",
       "  'value': {'rotation': [[0.9910865160089004,\n",
       "     0.021562056646147583,\n",
       "     0.1314632857436936],\n",
       "    [-0.02652349947557675, 0.9989959089912568, 0.03610647856412482],\n",
       "    [-0.13055275470440594, -0.03927151043594896, 0.9906632761474357]],\n",
       "   'center': [4.370731885982789, 0.03841729620372696, 0.41676154995837833]}},\n",
       " {'key': 38,\n",
       "  'value': {'rotation': [[0.9773314716375586,\n",
       "     0.01034938938616672,\n",
       "     0.2114617806746584],\n",
       "    [-0.018768004946022772, 0.9991074252401417, 0.037843292937595786],\n",
       "    [-0.21088138025228756, -0.04095415692390849, 0.9766533676251478]],\n",
       "   'center': [4.602257857818732, 0.04268827761222352, 0.4170758746252929]}},\n",
       " {'key': 39,\n",
       "  'value': {'rotation': [[0.9728041696578639,\n",
       "     0.011129783129188072,\n",
       "     0.2313615685972308],\n",
       "    [-0.019206724946250645, 0.9992810604232689, 0.03268736753221849],\n",
       "    [-0.23083143029733402, -0.03624210544166135, 0.9723185489231615]],\n",
       "   'center': [4.83734942614401, 0.04431899997829798, 0.4769383634704919]}},\n",
       " {'key': 40,\n",
       "  'value': {'rotation': [[0.9718828943761201,\n",
       "     0.025250773434142934,\n",
       "     0.23410689451631475],\n",
       "    [-0.03446913069077863, 0.9987797313893179, 0.035368449150393756],\n",
       "    [-0.23292814052517863, -0.0424434518725745, 0.9715673083963987]],\n",
       "   'center': [5.2763832270600926, 0.04922106938224883, 0.5780846591418252]}},\n",
       " {'key': 41,\n",
       "  'value': {'rotation': [[0.995781890998605,\n",
       "     0.022881833805309535,\n",
       "     0.0888529529106848],\n",
       "    [-0.026147177899684997, 0.9990182373275465, 0.035761523665027634],\n",
       "    [-0.087947431157052, -0.037933931626820606, 0.9954025648872958]],\n",
       "   'center': [5.279390436868444, 0.05030347651923303, 0.5713152859756512]}},\n",
       " {'key': 42,\n",
       "  'value': {'rotation': [[0.995744892345293,\n",
       "     0.026277944194466538,\n",
       "     -0.08832654763531456],\n",
       "    [-0.02329363791739858, 0.9991280140071767, 0.034649935911169605],\n",
       "    [0.08916005720519767, -0.032445050084528027, 0.995488725664022]],\n",
       "   'center': [5.29067150939267, 0.05076476217558316, 0.5739522432078816]}},\n",
       " {'key': 43,\n",
       "  'value': {'rotation': [[0.9990101583976955,\n",
       "     0.017911210535872454,\n",
       "     -0.04071721939611071],\n",
       "    [-0.016884663367404674, 0.9995343274675749, 0.025417245266004862],\n",
       "    [0.04115351213664255, -0.024704589676464484, 0.9988473715677169]],\n",
       "   'center': [5.559604845795567, 0.05489951254503159, 0.6200127859233815]}},\n",
       " {'key': 44,\n",
       "  'value': {'rotation': [[0.9962779823140631,\n",
       "     0.022991329708392145,\n",
       "     -0.08307575286724393],\n",
       "    [-0.020876423270436203, 0.9994377320424909, 0.026237277320558302],\n",
       "    [0.0836322719268882, -0.02440529712997361, 0.9961977838583785]],\n",
       "   'center': [5.8255424373362334, 0.06569619113679569, 0.6367843472849625]}},\n",
       " {'key': 45,\n",
       "  'value': {'rotation': [[0.9998636246601428,\n",
       "     0.014386032827970494,\n",
       "     -0.008110125828470273],\n",
       "    [-0.013910229539875812, 0.9983366052279562, 0.055951123099254235],\n",
       "    [0.008901550181234261, -0.05583067903395489, 0.9984005697529317]],\n",
       "   'center': [6.092087602215558, 0.07601766025266922, 0.6575938937661567]}},\n",
       " {'key': 46,\n",
       "  'value': {'rotation': [[0.9993006659856962,\n",
       "     0.014453470002802223,\n",
       "     0.03448588356736702],\n",
       "    [-0.01587837866611805, 0.9990161029017666, 0.041408975281963877],\n",
       "    [-0.03385344962451044, -0.04192759649497004, 0.998546954629914]],\n",
       "   'center': [6.353685866233819, 0.08656255454594902, 0.6995301097543892]}},\n",
       " {'key': 47,\n",
       "  'value': {'rotation': [[0.9993232353590173,\n",
       "     0.024531113372786996,\n",
       "     0.027409774684908565],\n",
       "    [-0.025819023489085404, 0.9985295963059397, 0.04766574584716903],\n",
       "    [-0.026200177435583134, -0.048341180972213814, 0.9984871961745707]],\n",
       "   'center': [6.601536359716801, 0.09365241107670806, 0.7068115293626873]}},\n",
       " {'key': 48,\n",
       "  'value': {'rotation': [[0.9997933357251292,\n",
       "     -0.0029907004250156913,\n",
       "     0.020108245835647773],\n",
       "    [0.0024107876446990265, 0.9995822236469997, 0.02880219213621784],\n",
       "    [-0.020185983814300496, -0.028747763041448167, 0.9993828556552096]],\n",
       "   'center': [7.12497702537509, 0.11739274922605071, 0.8129622774756176]}},\n",
       " {'key': 49,\n",
       "  'value': {'rotation': [[0.9922131932487621,\n",
       "     0.009357117825437281,\n",
       "     0.12419912837494312],\n",
       "    [-0.01832961548595753, 0.9972866241643197, 0.0712980677092441],\n",
       "    [-0.1231949850409166, -0.07301940570105933, 0.9896924583181548]],\n",
       "   'center': [7.380171931124156, 0.12403691411592091, 0.8305388644493182]}},\n",
       " {'key': 50,\n",
       "  'value': {'rotation': [[0.9967884246121044,\n",
       "     0.024957238435519884,\n",
       "     0.07609187084696849],\n",
       "    [-0.027646708436352124, 0.9990222664477181, 0.03449885004315167],\n",
       "    [-0.07515647724550732, -0.03649174415312508, 0.9965038166192383]],\n",
       "   'center': [7.632977424085615, 0.14009147887496304, 0.8634833892336033]}},\n",
       " {'key': 51,\n",
       "  'value': {'rotation': [[0.988244422292992,\n",
       "     0.02801510788744267,\n",
       "     0.150293431449433],\n",
       "    [-0.034547793322979595, 0.9985603631851688, 0.04103231716606383],\n",
       "    [-0.14892753870021203, -0.04574226498063599, 0.9877895693978238]],\n",
       "   'center': [7.8737968919533206, 0.14852377792376356, 0.8997351465037785]}},\n",
       " {'key': 52,\n",
       "  'value': {'rotation': [[0.9232654057636775,\n",
       "     -0.010729707035328459,\n",
       "     0.38401284341408165],\n",
       "    [0.0020505047082917823, 0.9997332789019857, 0.02300361898323256],\n",
       "    [-0.3841572411792771, -0.020451025471122156, 0.9230411527156881]],\n",
       "   'center': [8.063357396270836, 0.15332199232829105, 0.945263265230603]}},\n",
       " {'key': 53,\n",
       "  'value': {'rotation': [[0.7622809666560965,\n",
       "     -0.05014703882001883,\n",
       "     0.6453007069354804],\n",
       "    [0.01809745996989889, 0.9982556462761633, 0.05619738980057408],\n",
       "    [-0.646993206932256, -0.031159896908418756, 0.7618588130409543]],\n",
       "   'center': [8.222348384721055, 0.14712871398997465, 0.9896348601165005]}},\n",
       " {'key': 54,\n",
       "  'value': {'rotation': [[0.5374177161874318,\n",
       "     -0.06829411927616676,\n",
       "     0.8405463173437724],\n",
       "    [0.013844529057775144, 0.9972956603535779, 0.0721782159317436],\n",
       "    [-0.843202542301109, -0.02715288404964921, 0.5369098560696506]],\n",
       "   'center': [8.308388136431436, 0.14313896863748884, 1.027065692983217]}},\n",
       " {'key': 55,\n",
       "  'value': {'rotation': [[0.4354630597680412,\n",
       "     -0.08292689786028032,\n",
       "     0.8963788558353695],\n",
       "    [0.03162805535419915, 0.99654255631254, 0.07682837739129848],\n",
       "    [-0.8996508154233881, -0.005105200225133881, 0.43658028727680115]],\n",
       "   'center': [8.40870835822856, 0.13340538824071238, 1.1430229676752515]}},\n",
       " {'key': 56,\n",
       "  'value': {'rotation': [[0.3603407850599307,\n",
       "     -0.07305004584757764,\n",
       "     0.9299560255324224],\n",
       "    [0.05536304343372048, 0.9968464037073743, 0.056852272051609413],\n",
       "    [-0.9311763807379075, 0.030999003489483874, 0.3632486885571787]],\n",
       "   'center': [8.537510595466072, 0.13569440405426395, 1.1845561485485567]}},\n",
       " {'key': 57,\n",
       "  'value': {'rotation': [[0.18429174865993223,\n",
       "     -0.10175503965582589,\n",
       "     0.9775901305150874],\n",
       "    [0.08760205238713614, 0.9923685346751231, 0.08677886726796022],\n",
       "    [-0.9789598724122587, 0.06964627263098941, 0.19179928288495782]],\n",
       "   'center': [8.672509589472616, 0.1387754550282272, 1.287696176549331]}}]"
      ]
     },
     "execution_count": 321,
     "metadata": {},
     "output_type": "execute_result"
    }
   ],
   "source": [
    "extrinsics"
   ]
  },
  {
   "cell_type": "code",
   "execution_count": 200,
   "metadata": {},
   "outputs": [],
   "source": [
    "\n",
    "principal_point = intrinsics[0]['value']['ptr_wrapper']['data']['principal_point']\n",
    "c_u = principal_point[0]\n",
    "c_v = principal_point[1]\n",
    "focal = intrinsics[0]['value']['ptr_wrapper']['data']['focal_length']\n",
    "width = intrinsics[0]['value']['ptr_wrapper']['data']['width']\n",
    "height = intrinsics[0]['value']['ptr_wrapper']['data']['height']\n",
    "\n",
    "# du coup on peut retrouver la résolution des images dans les intrinsics (position du point principal) \n",
    "# et en utilisant les dimensions du capteur (24 x 36 mm)\n",
    "k_u = 36 / width\n",
    "k_v = 24 / height"
   ]
  },
  {
   "cell_type": "code",
   "execution_count": 244,
   "metadata": {},
   "outputs": [
    {
     "data": {
      "text/plain": [
       "array([[1.45216527e+01, 0.00000000e+00, 4.35488140e+03],\n",
       "       [0.00000000e+00, 1.45216527e+01, 2.88659884e+03],\n",
       "       [0.00000000e+00, 0.00000000e+00, 1.00000000e+00]])"
      ]
     },
     "execution_count": 244,
     "metadata": {},
     "output_type": "execute_result"
    }
   ],
   "source": [
    "K = np.array([[focal * k_u, 0, c_u],[0, focal * k_v, c_v],[0,0,1]])\n",
    "K.shape\n",
    "K"
   ]
  },
  {
   "cell_type": "code",
   "execution_count": 217,
   "metadata": {},
   "outputs": [
    {
     "data": {
      "text/plain": [
       "[{'key': 10,\n",
       "  'value': {'X': [-1.0773924255380107,\n",
       "    0.43733464368454356,\n",
       "    0.5657823480318271],\n",
       "   'observations': [{'key': 0,\n",
       "     'value': {'id_feat': 3818, 'x': [4229, 3880.60009765625]}},\n",
       "    {'key': 1,\n",
       "     'value': {'id_feat': 1034, 'x': [5880.240234375, 4763.919921875]}},\n",
       "    {'key': 2,\n",
       "     'value': {'id_feat': 2934, 'x': [6189.580078125, 4666.10986328125]}}]}},\n",
       " {'key': 12,\n",
       "  'value': {'X': [-0.9507482222443054,\n",
       "    -0.16799010658204747,\n",
       "    0.5294394271478413],\n",
       "   'observations': [{'key': 0,\n",
       "     'value': {'id_feat': 26695, 'x': [4456.5, 1719.8199462890625]}},\n",
       "    {'key': 1,\n",
       "     'value': {'id_feat': 1073, 'x': [6383.81982421875, 2412.1298828125]}},\n",
       "    {'key': 2,\n",
       "     'value': {'id_feat': 8580, 'x': [6799.56982421875, 2047.8900146484375]}},\n",
       "    {'key': 6,\n",
       "     'value': {'id_feat': 23950, 'x': [7424.60009765625, 2214.909912109375]}},\n",
       "    {'key': 7,\n",
       "     'value': {'id_feat': 17282, 'x': [6185.7900390625, 2200.330078125]}},\n",
       "    {'key': 8,\n",
       "     'value': {'id_feat': 29244, 'x': [5157.669921875, 2257.320068359375]}}]}},\n",
       " {'key': 15,\n",
       "  'value': {'X': [-0.9706819587040428, 0.2485376943222388, 0.5720915630890265],\n",
       "   'observations': [{'key': 0,\n",
       "     'value': {'id_feat': 22593, 'x': [4424.919921875, 3165.330078125]}},\n",
       "    {'key': 1,\n",
       "     'value': {'id_feat': 1148, 'x': [6205.3798828125, 3994.300048828125]}},\n",
       "    {'key': 2,\n",
       "     'value': {'id_feat': 214, 'x': [6590.740234375, 3846.4599609375]}}]}},\n",
       " {'key': 19,\n",
       "  'value': {'X': [-1.6313963677425924, 0.2954167927994003, 0.4776720929149174],\n",
       "   'observations': [{'key': 0,\n",
       "     'value': {'id_feat': 35298, 'x': [2037.27001953125, 4402.06005859375]}},\n",
       "    {'key': 1,\n",
       "     'value': {'id_feat': 1226, 'x': [3708.179931640625, 4704.1298828125]}},\n",
       "    {'key': 2,\n",
       "     'value': {'id_feat': 6469, 'x': [3755.860107421875, 4530.10986328125]}},\n",
       "    {'key': 3,\n",
       "     'value': {'id_feat': 15929, 'x': [4952.6298828125, 4566.97021484375]}},\n",
       "    {'key': 6,\n",
       "     'value': {'id_feat': 3811, 'x': [3654.5400390625, 4788.31005859375]}},\n",
       "    {'key': 8,\n",
       "     'value': {'id_feat': 13046,\n",
       "      'x': [1595.4100341796875, 4715.77001953125]}}]}},\n",
       " {'key': 20,\n",
       "  'value': {'X': [-0.8425764640794285,\n",
       "    -0.05476092272402915,\n",
       "    0.5594320421620955],\n",
       "   'observations': [{'key': 10,\n",
       "     'value': {'id_feat': 13324, 'x': [3082.110107421875, 2837.679931640625]}},\n",
       "    {'key': 11,\n",
       "     'value': {'id_feat': 19530,\n",
       "      'x': [2355.800048828125, 2816.429931640625]}}]}},\n",
       " {'key': 21,\n",
       "  'value': {'X': [-0.8594120498810213, 0.311541641082838, 0.5833306972424059],\n",
       "   'observations': [{'key': 0,\n",
       "     'value': {'id_feat': 26570, 'x': [4655.14990234375, 3271.239990234375]}},\n",
       "    {'key': 1,\n",
       "     'value': {'id_feat': 1277, 'x': [6487.7998046875, 4162.91015625]}},\n",
       "    {'key': 2, 'value': {'id_feat': 4858, 'x': [6940.75, 4037.77001953125]}},\n",
       "    {'key': 6,\n",
       "     'value': {'id_feat': 20327,\n",
       "      'x': [7701.39013671875, 4721.72021484375]}}]}},\n",
       " {'key': 22,\n",
       "  'value': {'X': [-1.011467859641475, 0.5037834239503236, 0.5883768104959858],\n",
       "   'observations': [{'key': 0,\n",
       "     'value': {'id_feat': 20590, 'x': [4360.43017578125, 3978.360107421875]}},\n",
       "    {'key': 1,\n",
       "     'value': {'id_feat': 1311, 'x': [6019.27978515625, 4917.64990234375]}},\n",
       "    {'key': 2,\n",
       "     'value': {'id_feat': 2169, 'x': [6366.56005859375, 4836.8798828125]}}]}},\n",
       " {'key': 23,\n",
       "  'value': {'X': [-1.685061931674942, 0.14776631135630408, 0.4510966553281755],\n",
       "   'observations': [{'key': 0,\n",
       "     'value': {'id_feat': 34087, 'x': [1433.739990234375, 3722.080078125]}},\n",
       "    {'key': 1,\n",
       "     'value': {'id_feat': 1350,\n",
       "      'x': [3397.719970703125, 3995.010009765625]}}]}},\n",
       " {'key': 24,\n",
       "  'value': {'X': [-0.9708656233236466,\n",
       "    0.052128437057748556,\n",
       "    0.5388803667846247],\n",
       "   'observations': [{'key': 0,\n",
       "     'value': {'id_feat': 12352, 'x': [4444.9599609375, 2512.610107421875]}},\n",
       "    {'key': 1,\n",
       "     'value': {'id_feat': 1392, 'x': [6310.27001953125, 3270.97998046875]}},\n",
       "    {'key': 2, 'value': {'id_feat': 1706, 'x': [6704.93994140625, 3036.5]}}]}},\n",
       " {'key': 25,\n",
       "  'value': {'X': [-1.1741626515730808, 0.3552378567928153, 0.5496361419124057],\n",
       "   'observations': [{'key': 0,\n",
       "     'value': {'id_feat': 20155, 'x': [3967.679931640625, 3743.820068359375]}},\n",
       "    {'key': 1,\n",
       "     'value': {'id_feat': 1405, 'x': [5602.06005859375, 4535.77978515625]}},\n",
       "    {'key': 2,\n",
       "     'value': {'id_feat': 6152, 'x': [5856.47998046875, 4419.2099609375]}},\n",
       "    {'key': 6,\n",
       "     'value': {'id_feat': 18514, 'x': [6116.7998046875, 4997.8701171875]}},\n",
       "    {'key': 7,\n",
       "     'value': {'id_feat': 13956, 'x': [4964.1201171875, 4979.89013671875]}}]}},\n",
       " {'key': 26,\n",
       "  'value': {'X': [-0.6389818195838781,\n",
       "    -0.055795140327016254,\n",
       "    0.5676808108488443],\n",
       "   'observations': [{'key': 0,\n",
       "     'value': {'id_feat': 16349, 'x': [5028.25, 2108.77001953125]}},\n",
       "    {'key': 1,\n",
       "     'value': {'id_feat': 1422, 'x': [7093.990234375, 2854.06005859375]}},\n",
       "    {'key': 2, 'value': {'id_feat': 5991, 'x': [7752.31982421875, 2537]}}]}},\n",
       " {'key': 27,\n",
       "  'value': {'X': [-1.5190634530666138, 0.1548731423860403, 0.5616964768173802],\n",
       "   'observations': [{'key': 0,\n",
       "     'value': {'id_feat': 34666, 'x': [2433.97998046875, 3349.739990234375]}},\n",
       "    {'key': 1,\n",
       "     'value': {'id_feat': 1432, 'x': [4194.330078125, 3824.72998046875]}},\n",
       "    {'key': 3,\n",
       "     'value': {'id_feat': 26407, 'x': [5627.89990234375, 3755.25]}}]}},\n",
       " {'key': 29,\n",
       "  'value': {'X': [-0.9274177911587878,\n",
       "    -0.16131517651133265,\n",
       "    0.5337837405801976],\n",
       "   'observations': [{'key': 0,\n",
       "     'value': {'id_feat': 9937, 'x': [4507.58984375, 1749.2099609375]}},\n",
       "    {'key': 6,\n",
       "     'value': {'id_feat': 14876, 'x': [7536.759765625, 2257.169921875]}},\n",
       "    {'key': 7,\n",
       "     'value': {'id_feat': 9848, 'x': [6308.259765625, 2238.050048828125]}},\n",
       "    {'key': 8,\n",
       "     'value': {'id_feat': 12159, 'x': [5298.97021484375, 2297.969970703125]}},\n",
       "    {'key': 10,\n",
       "     'value': {'id_feat': 5463,\n",
       "      'x': [2628.820068359375, 2262.179931640625]}}]}},\n",
       " {'key': 30,\n",
       "  'value': {'X': [-0.9837259055975164, 0.4398083808323208, 0.5694563095360281],\n",
       "   'observations': [{'key': 1,\n",
       "     'value': {'id_feat': 1517, 'x': [6158.740234375, 4705.259765625]}},\n",
       "    {'key': 2,\n",
       "     'value': {'id_feat': 3380, 'x': [6527.830078125, 4619.10009765625]}}]}},\n",
       " {'key': 31,\n",
       "  'value': {'X': [-0.909395406685542, 0.20796485228410524, 0.5686702724535015],\n",
       "   'observations': [{'key': 0,\n",
       "     'value': {'id_feat': 28686, 'x': [4560.0400390625, 2994.47998046875]}},\n",
       "    {'key': 1,\n",
       "     'value': {'id_feat': 1561, 'x': [6397.16015625, 3826.330078125]}},\n",
       "    {'key': 2,\n",
       "     'value': {'id_feat': 12975, 'x': [6824.0498046875, 3660.6201171875]}}]}},\n",
       " {'key': 35,\n",
       "  'value': {'X': [-1.0724434540459873,\n",
       "    0.21811744541594855,\n",
       "    0.5494219977732473],\n",
       "   'observations': [{'key': 0,\n",
       "     'value': {'id_feat': 20996, 'x': [4208.419921875, 3155.340087890625]}},\n",
       "    {'key': 1,\n",
       "     'value': {'id_feat': 1745, 'x': [5957.72998046875, 3943.550048828125]}},\n",
       "    {'key': 6,\n",
       "     'value': {'id_feat': 19405, 'x': [6684.64013671875, 4299.830078125]}},\n",
       "    {'key': 7,\n",
       "     'value': {'id_feat': 9894, 'x': [5509.58984375, 4300.52978515625]}},\n",
       "    {'key': 8,\n",
       "     'value': {'id_feat': 24737, 'x': [4456.2900390625, 4482.83984375]}}]}},\n",
       " {'key': 36,\n",
       "  'value': {'X': [-1.0411947858114934,\n",
       "    0.23554687246901881,\n",
       "    0.5484116711002917],\n",
       "   'observations': [{'key': 0,\n",
       "     'value': {'id_feat': 22823, 'x': [4298.2099609375, 3191.8798828125]}},\n",
       "    {'key': 1,\n",
       "     'value': {'id_feat': 1769, 'x': [6059.85986328125, 3998.64990234375]}},\n",
       "    {'key': 2,\n",
       "     'value': {'id_feat': 786, 'x': [6398.06982421875, 3849.949951171875]}}]}},\n",
       " {'key': 38,\n",
       "  'value': {'X': [-1.6938152303339142,\n",
       "    -0.11939160628840113,\n",
       "    0.44065397123971534],\n",
       "   'observations': [{'key': 0,\n",
       "     'value': {'id_feat': 36895,\n",
       "      'x': [891.7780151367188, 1802.6800537109375]}},\n",
       "    {'key': 1,\n",
       "     'value': {'id_feat': 1892,\n",
       "      'x': [3329.699951171875, 2453.719970703125]}}]}},\n",
       " {'key': 39,\n",
       "  'value': {'X': [-1.0021447269888832,\n",
       "    -0.15022421700332356,\n",
       "    0.5255578660808005],\n",
       "   'observations': [{'key': 0,\n",
       "     'value': {'id_feat': 21921, 'x': [4339.39013671875, 1774.8599853515625]}},\n",
       "    {'key': 1, 'value': {'id_feat': 1994, 'x': [6239.39990234375, 2472.25]}},\n",
       "    {'key': 2,\n",
       "     'value': {'id_feat': 10860, 'x': [6616.35986328125, 2123.5400390625]}}]}},\n",
       " {'key': 41,\n",
       "  'value': {'X': [-0.997476685796252, -0.2932240333763, 0.5060750663097694],\n",
       "   'observations': [{'key': 0,\n",
       "     'value': {'id_feat': 27195, 'x': [4353.22021484375, 1215.010009765625]}},\n",
       "    {'key': 1,\n",
       "     'value': {'id_feat': 2085, 'x': [6295.77001953125, 1889.27001953125]}},\n",
       "    {'key': 2,\n",
       "     'value': {'id_feat': 6110, 'x': [6677.66015625, 1439.18994140625]}}]}},\n",
       " {'key': 42,\n",
       "  'value': {'X': [-1.107240394727106,\n",
       "    -0.1794551963752855,\n",
       "    0.49949108161480626],\n",
       "   'observations': [{'key': 0,\n",
       "     'value': {'id_feat': 12619,\n",
