{
 "cells": [
  {
   "cell_type": "code",
   "execution_count": 2,
   "metadata": {},
   "outputs": [],
   "source": [
    "import pandas as pd\n",
    "import numpy as np\n",
    "import re\n",
    "import sys\n",
    "sys.path.append('/home/descombe/Desktop/photogrammetry-tools/src/utils.py')\n",
    "from utils import get_sfm_data_as_dict"
   ]
  },
  {
   "cell_type": "code",
   "execution_count": 3,
   "metadata": {},
   "outputs": [],
   "source": [
    "file = '/media/gargantua/1000-plane/0000-sfm/2021/0115/20210115-142818-20200225-00001-suisse-sion-0001-loop-11-normalized/geodesy/test_loop11.csv'\n",
    "wkt = pd.read_csv(file, dtype=str)"
   ]
  },
  {
   "cell_type": "code",
   "execution_count": 4,
   "metadata": {},
   "outputs": [
    {
     "data": {
      "text/html": [
       "<div>\n",
       "<style scoped>\n",
       "    .dataframe tbody tr th:only-of-type {\n",
       "        vertical-align: middle;\n",
       "    }\n",
       "\n",
       "    .dataframe tbody tr th {\n",
       "        vertical-align: top;\n",
       "    }\n",
       "\n",
       "    .dataframe thead th {\n",
       "        text-align: right;\n",
       "    }\n",
       "</style>\n",
       "<table border=\"1\" class=\"dataframe\">\n",
       "  <thead>\n",
       "    <tr style=\"text-align: right;\">\n",
       "      <th></th>\n",
       "      <th>WKT</th>\n",
       "      <th>X</th>\n",
       "      <th>Y</th>\n",
       "      <th>Z</th>\n",
       "      <th>filename</th>\n",
       "    </tr>\n",
       "  </thead>\n",
       "  <tbody>\n",
       "    <tr>\n",
       "      <th>0</th>\n",
       "      <td>POINT Z (2594426.0019446 1120060.68234485 494....</td>\n",
       "      <td>2594556.455321000423282</td>\n",
       "      <td>1120124.622873000102118</td>\n",
       "      <td>494.959768999999994</td>\n",
       "      <td>20200225-115646-795901.jpg</td>\n",
       "    </tr>\n",
       "    <tr>\n",
       "      <th>1</th>\n",
       "      <td>POINT Z (2594426.0020656 1120060.68231785 494....</td>\n",
       "      <td>2594556.455442000180483</td>\n",
       "      <td>1120124.622845999896526</td>\n",
       "      <td>494.959743000000003</td>\n",
       "      <td>20200225-115647-045904.jpg</td>\n",
       "    </tr>\n",
       "    <tr>\n",
       "      <th>2</th>\n",
       "      <td>POINT Z (2594426.0019836 1120060.68248085 494....</td>\n",
       "      <td>2594556.455360000021756</td>\n",
       "      <td>1120124.623008999973536</td>\n",
       "      <td>494.959841999999981</td>\n",
       "      <td>20200225-115647-295903.jpg</td>\n",
       "    </tr>\n",
       "    <tr>\n",
       "      <th>3</th>\n",
       "      <td>POINT Z (2594426.0020676 1120060.68231985 494....</td>\n",
       "      <td>2594556.455444000195712</td>\n",
       "      <td>1120124.622847999911755</td>\n",
       "      <td>494.959743000000003</td>\n",
       "      <td>20200225-115647-547785.jpg</td>\n",
       "    </tr>\n",
       "    <tr>\n",
       "      <th>4</th>\n",
       "      <td>POINT Z (2594426.0017456 1120060.68225985 494....</td>\n",
       "      <td>2594556.455122000072151</td>\n",
       "      <td>1120124.622787999920547</td>\n",
       "      <td>494.959630000000004</td>\n",
       "      <td>20200225-115647-795862.jpg</td>\n",
       "    </tr>\n",
       "    <tr>\n",
       "      <th>...</th>\n",
       "      <td>...</td>\n",
       "      <td>...</td>\n",
       "      <td>...</td>\n",
       "      <td>...</td>\n",
       "      <td>...</td>\n",
       "    </tr>\n",
       "    <tr>\n",
       "      <th>914</th>\n",
       "      <td>POINT Z (2594426.1239116 1120060.25450185 494....</td>\n",
       "      <td>2594556.577287999913096</td>\n",
       "      <td>1120124.195030000060797</td>\n",
       "      <td>494.960367000000019</td>\n",
       "      <td>20200225-120035-295900.jpg</td>\n",
       "    </tr>\n",
       "    <tr>\n",
       "      <th>915</th>\n",
       "      <td>POINT Z (2594426.1339596 1120060.16488385 494....</td>\n",
       "      <td>2594556.587335999589413</td>\n",
       "      <td>1120124.105412000091746</td>\n",
       "      <td>494.957365999999979</td>\n",
       "      <td>20200225-120035-545860.jpg</td>\n",
       "    </tr>\n",
       "    <tr>\n",
       "      <th>916</th>\n",
       "      <td>POINT Z (2594426.1381026 1120060.12578385 494....</td>\n",
       "      <td>2594556.591479000169784</td>\n",
       "      <td>1120124.066311999922618</td>\n",
       "      <td>494.956889999999987</td>\n",
       "      <td>20200225-120035-795898.jpg</td>\n",
       "    </tr>\n",
       "    <tr>\n",
       "      <th>917</th>\n",
       "      <td>POINT Z (2594426.1361066 1120060.13844485 494....</td>\n",
       "      <td>2594556.589482999872416</td>\n",
       "      <td>1120124.078972999937832</td>\n",
       "      <td>494.956045000000017</td>\n",
       "      <td>20200225-120036-045911.jpg</td>\n",
       "    </tr>\n",
       "    <tr>\n",
       "      <th>918</th>\n",
       "      <td>POINT Z (2594426.1366186 1120060.14303185 494....</td>\n",
       "      <td>2594556.589994999580085</td>\n",
       "      <td>1120124.083559999940917</td>\n",
       "      <td>494.954658999999992</td>\n",
       "      <td>20200225-120036-295925.jpg</td>\n",
       "    </tr>\n",
       "  </tbody>\n",
       "</table>\n",
       "<p>919 rows × 5 columns</p>\n",
       "</div>"
      ],
      "text/plain": [
       "                                                   WKT  \\\n",
       "0    POINT Z (2594426.0019446 1120060.68234485 494....   \n",
       "1    POINT Z (2594426.0020656 1120060.68231785 494....   \n",
       "2    POINT Z (2594426.0019836 1120060.68248085 494....   \n",
       "3    POINT Z (2594426.0020676 1120060.68231985 494....   \n",
       "4    POINT Z (2594426.0017456 1120060.68225985 494....   \n",
       "..                                                 ...   \n",
       "914  POINT Z (2594426.1239116 1120060.25450185 494....   \n",
       "915  POINT Z (2594426.1339596 1120060.16488385 494....   \n",
       "916  POINT Z (2594426.1381026 1120060.12578385 494....   \n",
       "917  POINT Z (2594426.1361066 1120060.13844485 494....   \n",
       "918  POINT Z (2594426.1366186 1120060.14303185 494....   \n",
       "\n",
       "                           X                        Y                    Z  \\\n",
       "0    2594556.455321000423282  1120124.622873000102118  494.959768999999994   \n",
       "1    2594556.455442000180483  1120124.622845999896526  494.959743000000003   \n",
       "2    2594556.455360000021756  1120124.623008999973536  494.959841999999981   \n",
       "3    2594556.455444000195712  1120124.622847999911755  494.959743000000003   \n",
       "4    2594556.455122000072151  1120124.622787999920547  494.959630000000004   \n",
       "..                       ...                      ...                  ...   \n",
       "914  2594556.577287999913096  1120124.195030000060797  494.960367000000019   \n",
       "915  2594556.587335999589413  1120124.105412000091746  494.957365999999979   \n",
       "916  2594556.591479000169784  1120124.066311999922618  494.956889999999987   \n",
       "917  2594556.589482999872416  1120124.078972999937832  494.956045000000017   \n",
       "918  2594556.589994999580085  1120124.083559999940917  494.954658999999992   \n",
       "\n",
       "                       filename  \n",
       "0    20200225-115646-795901.jpg  \n",
       "1    20200225-115647-045904.jpg  \n",
       "2    20200225-115647-295903.jpg  \n",
       "3    20200225-115647-547785.jpg  \n",
       "4    20200225-115647-795862.jpg  \n",
       "..                          ...  \n",
       "914  20200225-120035-295900.jpg  \n",
       "915  20200225-120035-545860.jpg  \n",
       "916  20200225-120035-795898.jpg  \n",
       "917  20200225-120036-045911.jpg  \n",
       "918  20200225-120036-295925.jpg  \n",
       "\n",
       "[919 rows x 5 columns]"
      ]
     },
     "execution_count": 4,
     "metadata": {},
     "output_type": "execute_result"
    }
   ],
   "source": [
    "wkt"
   ]
  },
  {
   "cell_type": "code",
   "execution_count": 5,
   "metadata": {},
   "outputs": [],
   "source": [
    "structure_dict, views_dict, extrinsics_dict, intrinsics = get_sfm_data_as_dict(file.replace('geodesy/test_loop11.csv','omvg/sfm_data_bin.json'))"
   ]
  },
  {
   "cell_type": "code",
   "execution_count": 7,
   "metadata": {},
   "outputs": [
    {
     "data": {
      "text/plain": [
       "{0: {'rotation': [[0.039867138997931165,\n",
       "    -0.04606244151337856,\n",
       "    -0.9981427065855594],\n",
       "   [0.01774516994904672, 0.9988119695649836, -0.04538456122072147],\n",
       "   [0.9990474063684861, -0.015902859351215614, 0.04063716147636753]],\n",
       "  'center': [1.93072063375214, 0.029042753152551268, -3.810313358152532]},\n",
       " 1: {'rotation': [[0.03975225011017333,\n",
       "    -0.04604729717614572,\n",
       "    -0.9981479875419026],\n",
       "   [0.017477103894087728, 0.9988168075667249, -0.04538210838746318],\n",
       "   [0.9990567098271517, -0.01564069515679898, 0.04050998894542674]],\n",
       "  'center': [1.9307427336505896, 0.029034096218696258, -3.810314328754704]},\n",
       " 2: {'rotation': [[0.039418372221216996,\n",
       "    -0.04563441931984521,\n",
       "    -0.9981801899981637],\n",
       "   [0.01721704750481943, 0.9988393037903368, -0.04498464714602054],\n",
       "   [0.9990744542858887, -0.01541249418412612, 0.04015830943127336]],\n",
       "  'center': [1.9307680624404775, 0.029053755085167898, -3.810415286633266]},\n",
       " 3: {'rotation': [[0.04154449225612716,\n",
       "    -0.04435824727659104,\n",
       "    -0.9981514920400257],\n",
       "   [0.01649218939264679, 0.9989083246684916, -0.04370545271501883],\n",
       "   [0.9990005319579253, -0.01464598260740745, 0.042230703773982504]],\n",
       "  'center': [1.9307346264572516, 0.02909601370096679, -3.810150956578834]},\n",
       " 4: {'rotation': [[0.047899761062614316,\n",
       "    -0.04412923322526821,\n",
       "    -0.9978768579664999],\n",
       "   [0.016304277110037214, 0.9989250332603533, -0.04339295419444347],\n",
       "   [0.9987190713299028, -0.014191148676264248, 0.04856776565979322]],\n",
       "  'center': [1.930411118385061, 0.029127623574051315, -3.8090831409554915]},\n",
       " 5: {'rotation': [[0.05996890057842003,\n",
       "    -0.042984762864655426,\n",
       "    -0.9972743058581649],\n",
       "   [0.015666801495230233, 0.9989898607009619, -0.04211661842529242],\n",
       "   [0.9980772927455691, -0.013098411283127777, 0.060581757382345766]],\n",
       "  'center': [1.9298432469239277, 0.029145375219763327, -3.807130672362585]},\n",
       " 6: {'rotation': [[0.08025985190328189,\n",
       "    -0.04214520802306457,\n",
       "    -0.9958825922834257],\n",
       "   [0.01577414779881425, 0.9990343216177769, -0.041007322406240596],\n",
       "   [0.9966491521261052, -0.012417957577670025, 0.08084715143970606]],\n",
       "  'center': [1.9286941999241385, 0.029169748669213385, -3.803737703675424]},\n",
       " 7: {'rotation': [[0.10927128224215411,\n",
       "    -0.04104330083198588,\n",
       "    -0.9931642534515479],\n",
       "   [0.015742601291456697, 0.9990933249622592, -0.03955627030491704],\n",
       "   [0.9938872961164831, -0.011312624482079437, 0.1098183370188865]],\n",
       "  'center': [1.9269197734885133, 0.02916195137900486, -3.7989480774214677]},\n",
       " 8: {'rotation': [[0.14308491360909253,\n",
       "    -0.03854661129286342,\n",
       "    -0.9889594866602552],\n",
       "   [0.015313930392165807, 0.999207866617146, -0.036730407380745136],\n",
       "   [0.9895919315725157, -0.009889289572486479, 0.1435618713946328]],\n",
       "  'center': [1.9247192671820783, 0.0291725162124204, -3.793603168307734]},\n",
       " 9: {'rotation': [[0.18601284173252883,\n",
       "    -0.037015101132956627,\n",
       "    -0.9818498383147527],\n",
       "   [0.01673281089814627, 0.9992645569151779, -0.03450157000137706],\n",
       "   [0.9824048227436772, -0.010011372594706332, 0.18649540656202207]],\n",
       "  'center': [1.9214381752795275, 0.02916179805146728, -3.7866766279005204]},\n",
       " 10: {'rotation': [[0.2418078829286442,\n",
       "    -0.03533093788881147,\n",
       "    -0.969680706511924],\n",
       "   [0.016469138698426658, 0.9993423676344596, -0.03230479409135375],\n",
       "   [0.970184371768634, -0.00815825218105721, 0.24223073235502382]],\n",
       "  'center': [1.9169462504726364, 0.02930690611449365, -3.777945292060608]},\n",
       " 11: {'rotation': [[0.30972184557330856,\n",
       "    -0.03518613027191678,\n",
       "    -0.950175938766685],\n",
       "   [0.014791932285317043, 0.9993724229514194, -0.03218631671185214],\n",
       "   [0.950712142088198, -0.004086132731172487, 0.3100479421079473]],\n",
       "  'center': [1.9107861141114728, 0.029341758579467244, -3.7672152409132553]},\n",
       " 12: {'rotation': [[0.3840730133480838,\n",
       "    -0.03206627392232461,\n",
       "    -0.9227457258066608],\n",
       "   [0.004013630898858464, 0.9994452744347273, -0.03306106739203397],\n",
       "   [0.9232940004054669, 0.008994303020875366, 0.3839886604164741]],\n",
       "  'center': [1.9034841302183043, 0.029164918725078908, -3.7548271016016828]},\n",
       " 13: {'rotation': [[0.45775254933946896,\n",
       "    -0.02604436807834558,\n",
       "    -0.8886980896033346],\n",
       "   [-0.008701459781390143, 0.9993917391839217, -0.03377034569869023],\n",
       "   [0.8890370566916149, 0.0231914325201323, 0.45724749237888035]],\n",
       "  'center': [1.8939151364270332, 0.028693360375724213, -3.740221964270689]},\n",
       " 14: {'rotation': [[0.511416053266083,\n",
       "    -0.021542060923867862,\n",
       "    -0.8590631874739455],\n",
       "   [-0.01393368562847124, 0.9993464408399795, -0.033354813524770544],\n",
       "   [0.8592202702837903, 0.02902810347951873, 0.5107816523151869]],\n",
       "  'center': [1.8833084009783188, 0.028326773268824594, -3.7257126021322096]},\n",
       " 15: {'rotation': [[0.5499241239478084,\n",
       "    -0.010877669597119674,\n",
       "    -0.8351437805577978],\n",
       "   [-0.026678747614095104, 0.9991761671216531, -0.03058155460118901],\n",
       "   [0.8347884176999455, 0.03909812476600365, 0.5491808757720932]],\n",
       "  'center': [1.8710604464733627, 0.02792014339720279, -3.7081122362024432]},\n",
       " 16: {'rotation': [[0.5642743586647935,\n",
       "    0.0020702421343753116,\n",
       "    -0.8255847395942715],\n",
       "   [-0.024950235630639656, 0.9995828549842432, -0.01454653785355707],\n",
       "   [0.8252102361794911, 0.028806772104046408, 0.5640906274576223]],\n",
       "  'center': [1.8564818705030524, 0.027133113723696062, -3.6894568689466243]},\n",
       " 17: {'rotation': [[0.5514256016177109,\n",
       "    0.003553874860811398,\n",
       "    -0.8342165041846267],\n",
       "   [-0.037121715468199874, 0.999104918709706, -0.020281510071243635],\n",
       "   [0.8333977346508951, 0.04215129159996926, 0.5510639568101063]],\n",
       "  'center': [1.843412194505883, 0.026131289974201333, -3.6661021639374396]},\n",
       " 18: {'rotation': [[0.5136659367190719,\n",
       "    0.008770918086956818,\n",
       "    -0.857945439087143],\n",
       "   [-0.05720555656626277, 0.9980727895079509, -0.024046437194772473],\n",
       "   [0.8560810883044099, 0.06143108203287584, 0.5131777395871799]],\n",
       "  'center': [1.8316312227961722, 0.02539867607862513, -3.6398583026574145]},\n",
       " 19: {'rotation': [[0.4588429522914988,\n",
       "    0.010969741074873415,\n",
       "    -0.8884496665051835],\n",
       "   [-0.0595442099502007, 0.9980555433836105, -0.01842876508757078],\n",
       "   [0.8865199558914779, 0.061357942452437905, 0.4586039366426934]],\n",
       "  'center': [1.8185089642661856, 0.024310621283571497, -3.6099384658881895]},\n",
       " 20: {'rotation': [[0.39171894070273305,\n",
       "    0.0036410172476730946,\n",
       "    -0.9200777219822956],\n",
       "   [-0.05935030135159161, 0.9980095462815444, -0.021318706817745756],\n",
       "   [0.9181687280800864, 0.06295783131833468, 0.3911553377514976]],\n",
       "  'center': [1.8058441367146225, 0.022664249947192235, -3.5744765207113844]},\n",
       " 21: {'rotation': [[0.31468755065056775,\n",
       "    0.00011126998569468201,\n",
       "    -0.9491953081871699],\n",
       "   [-0.06248253462008119, 0.9978334824272751, -0.020597917722600022],\n",
       "   [0.9471365679420242, 0.0657900369816504, 0.31401272697289895]],\n",
       "  'center': [1.7950759940471144, 0.02133894135169274, -3.5339644382465485]},\n",
       " 22: {'rotation': [[0.23078481469881207,\n",
       "    -0.006130112251103676,\n",
       "    -0.9729855040175182],\n",
       "   [-0.06688689688307718, 0.997514678038959, -0.022149720589315025],\n",
       "   [0.9707031020501519, 0.07019180023778414, 0.22980121594454506]],\n",
       "  'center': [1.786905292693258, 0.020106270481865023, -3.488290815218923]},\n",
       " 23: {'rotation': [[0.1485951217313327,\n",
       "    -0.014237529010210307,\n",
       "    -0.9887956222421972],\n",
       "   [-0.06963395345267027, 0.9972636977507299, -0.024823973797364583],\n",
       "   [0.986443410604076, 0.0725424697416921, 0.14719710513313067]],\n",
       "  'center': [1.7819703555775102, 0.01897861526425078, -3.439963536208081]},\n",
       " 24: {'rotation': [[0.07200346090632657,\n",
       "    -0.019302799146077333,\n",
       "    -0.9972175808531644],\n",
       "   [-0.07304465388191028, 0.9970258947654838, -0.02457323150012401],\n",
       "   [0.9947260829780141, 0.07461077075203655, 0.07037934875376453]],\n",
       "  'center': [1.7804869259499925, 0.018107222296281995, -3.389191718682067]},\n",
       " 25: {'rotation': [[0.005159104591794552,\n",
       "    -0.024200190911598012,\n",
       "    -0.9996938203268306],\n",
       "   [-0.07588600003492932, 0.9968149178595936, -0.024522123302662402],\n",
       "   [0.9971031534593149, 0.0759892774831718, 0.0033062167315359146]],\n",
       "  'center': [1.7821284726004294, 0.017502336180531448, -3.336160134014048]},\n",
       " 26: {'rotation': [[-0.04423268230882541,\n",
       "    -0.027808738842670006,\n",
       "    -0.9986341391419316],\n",
       "   [-0.08129188243559123, 0.9963978175153425, -0.024145788467986238],\n",
       "   [0.9957083406629899, 0.0801128160448932, -0.04633397284404352]],\n",
       "  'center': [1.7864517662709412, 0.01688498096836681, -3.2810217934509223]},\n",
       " 27: {'rotation': [[-0.0725963497120108,\n",
       "    -0.028765645288149164,\n",
       "    -0.9969464918738858],\n",
       "   [-0.08342107482164637, 0.9962564652472791, -0.022671121026507025],\n",
       "   [0.9938665374606859, 0.08152050726138567, -0.07472424380181883]],\n",
       "  'center': [1.7919399858814575, 0.016479025332337957, -3.2238592167221096]},\n",
       " 28: {'rotation': [[-0.09257886113433601,\n",
       "    -0.03252659184502302,\n",
       "    -0.9951739422302097],\n",
       "   [-0.08541165003694229, 0.9960417825237623, -0.024609297122301147],\n",
       "   [0.9920352839032675, 0.08272114777875174, -0.09499056374782544]],\n",
       "  'center': [1.7985963761039359, 0.01602449402012042, -3.164400885179415]},\n",
       " 29: {'rotation': [[-0.09985774452970558,\n",
       "    -0.033336282605405686,\n",
       "    -0.9944431221138254],\n",
       "   [-0.08747016845396488, 0.9958633362780623, -0.024600509908580908],\n",
       "   [0.9911495348775962, 0.0845275559754315, -0.10236059687567883]],\n",
       "  'center': [1.8059230477375223, 0.015721607092800693, -3.1032454566078385]},\n",
       " 30: {'rotation': [[-0.10153076847213953,\n",
       "    -0.03334143675545004,\n",
       "    -0.9942735295926063],\n",
       "   [-0.08851840825378933, 0.9957767999585563, -0.024352742443365633],\n",
       "   [0.9908864690032215, 0.0855389575537354, -0.10405331463700701]],\n",
       "  'center': [1.8131282036600058, 0.015422317583268685, -3.040448456656248]},\n",
       " 31: {'rotation': [[-0.10027177289103333,\n",
       "    -0.03383307406669146,\n",
       "    -0.994384681428916],\n",
       "   [-0.08860826824951623, 0.9957541575791583, -0.024944587822656985],\n",
       "   [0.9910066328532371, 0.08560946655024923, -0.10284392484668674]],\n",
       "  'center': [1.8206162770179444, 0.015078186148365496, -2.9754951407012507]},\n",
       " 32: {'rotation': [[-0.09610740173711538,\n",
       "    -0.034234325664496176,\n",
       "    -0.9947820757721955],\n",
       "   [-0.08867738289120361, 0.9957288033138305, -0.02569965009049714],\n",
       "   [0.9914129760573581, 0.0857447444308066, -0.09873271852627213]],\n",
       "  'center': [1.8277540323703756, 0.014681339978458977, -2.9089250534371467]},\n",
       " 33: {'rotation': [[-0.09283671255959146,\n",
       "    -0.037166522026736745,\n",
       "    -0.9949874343134006],\n",
       "   [-0.08974740538338032, 0.9955476776551023, -0.02881362078052008],\n",
       "   [0.9916283315981239, 0.08662257878849206, -0.09575897250885942]],\n",
       "  'center': [1.8350605116291892, 0.014240924846636468, -2.8410255563610702]},\n",
       " 34: {'rotation': [[-0.0884274399144491,\n",
       "    -0.039617300462694134,\n",
       "    -0.9952944576225797],\n",
       "   [-0.08962758051399, 0.9954719760862616, -0.03166135875356458],\n",
       "   [0.9920420780800504, 0.08640610123690512, -0.09157784113885285]],\n",
       "  'center': [1.8418560546008609, 0.01380478576274387, -2.774424956455674]},\n",
       " 35: {'rotation': [[-0.0833922244964047,\n",
       "    -0.04143519488565338,\n",
       "    -0.9956549912084653],\n",
       "   [-0.08829418708652477, 0.9955128410398382, -0.0340340983650171],\n",
       "   [0.9925975384919464, 0.08507236889600418, -0.08667651717824833]],\n",
       "  'center': [1.8480410318823541, 0.013422595018692867, -2.7090062122126333]},\n",
       " 36: {'rotation': [[-0.07880894100153794,\n",
       "    -0.04082681817080519,\n",
       "    -0.9960533729355391],\n",
       "   [-0.08721900482426836, 0.9956119238052148, -0.03390785121979418],\n",
       "   [0.9930669645173383, 0.08420254209302387, -0.08202399581459184]],\n",
       "  'center': [1.8537902970128148, 0.013035060548427844, -2.6454544835341856]},\n",
       " 37: {'rotation': [[-0.07436743575696785,\n",
       "    -0.04045213242396607,\n",
       "    -0.9964101110894485],\n",
       "   [-0.08528975829099981, 0.9957738337594422, -0.034060668382837604],\n",
       "   [0.9935769429840832, 0.08245057296572728, -0.07750329920737048]],\n",
       "  'center': [1.8590644969320103, 0.012698946881139523, -2.5832002555758242]},\n",
       " 38: {'rotation': [[-0.07078790774204578,\n",
       "    -0.03975693771620469,\n",
       "    -0.9966987799836685],\n",
       "   [-0.08420994856804308, 0.9958765339778346, -0.03374334948492724],\n",
       "   [0.9939304586738807, 0.08154333189000938, -0.07384394588999578]],\n",
       "  'center': [1.864023552793859, 0.012312061427638164, -2.5224630794472986]},\n",
       " 39: {'rotation': [[-0.06749713108499521,\n",
       "    -0.03726943535189523,\n",
       "    -0.9970231323714841],\n",
       "   [-0.08221927633250888, 0.9961109637915377, -0.03166920292101045],\n",
       "   [0.9943259666199277, 0.07983694008943787, -0.0702988983021924]],\n",
       "  'center': [1.868605569497686, 0.01180959079956852, -2.4626643239632955]},\n",
       " 40: {'rotation': [[-0.0645592924129752,\n",
       "    -0.033645035768242286,\n",
       "    -0.9973465342253363],\n",
       "   [-0.08276435836853016, 0.9961687198160011, -0.028247878575133233],\n",
       "   [0.9944758210972159, 0.080721082923259, -0.06709655747290517]],\n",
       "  'center': [1.873199171164319, 0.011285587394105465, -2.402966817792314]},\n",
       " 41: {'rotation': [[-0.0615859803370321,\n",
       "    -0.03095558035945849,\n",
       "    -0.9976216312162319],\n",
       "   [-0.0812018219368333, 0.9963610114490117, -0.02590364797553897],\n",
       "   [0.994793159978528, 0.0794133925034747, -0.06387551918398435]],\n",
       "  'center': [1.87758844297814, 0.01068190178073825, -2.3419151321609553]},\n",
       " 42: {'rotation': [[-0.058009157166443934,\n",
       "    -0.03243884863947449,\n",
       "    -0.997788884876848],\n",
       "   [-0.08180392245726906, 0.9962652820491266, -0.027633422773498614],\n",
       "   [0.9949588212360568, 0.08002005300247599, -0.06044613438456605]],\n",
       "  'center': [1.882046245097356, 0.010023669496360334, -2.2789224462761415]},\n",
       " 43: {'rotation': [[-0.05402973497281527,\n",
       "    -0.032664011542345876,\n",
       "    -0.9980049349019916],\n",
       "   [-0.08216841531957537, 0.9962206199613161, -0.0281571995724111],\n",
       "   [0.9951528220643485, 0.08048315795153861, -0.056509486137378516]],\n",
       "  'center': [1.8862408732211222, 0.009395303248757467, -2.2160002133771366]},\n",
       " 44: {'rotation': [[-0.046543575915279266,\n",
       "    -0.031052666105376235,\n",
       "    -0.9984334867525061],\n",
       "   [-0.08428971838931602, 0.9960740643684864, -0.02704998458953302],\n",
       "   [0.9953536752907826, 0.08289867441758156, -0.04897826931343504]],\n",
       "  'center': [1.8901087295609327, 0.008819583658410223, -2.153097376913519]},\n",
       " 45: {'rotation': [[-0.03944688883622844,\n",
       "    -0.02921029215038088,\n",
       "    -0.9987946244316854],\n",
       "   [-0.0835769611479992, 0.9961664360775595, -0.025832599516878024],\n",
       "   [0.9957202591724285, 0.08245720383946432, -0.041736974118507436]],\n",
       "  'center': [1.8932983329032835, 0.008026779495105859, -2.08974824586693]},\n",
       " 46: {'rotation': [[-0.03233921958193812,\n",
       "    -0.02648785406409258,\n",
       "    -0.9991259022084807],\n",
       "   [-0.0859532223520887, 0.9960190654283215, -0.023623396677563954],\n",
       "   [0.9957741804466129, 0.08511412861782981, -0.034487195674683904]],\n",
       "  'center': [1.8963095038798816, 0.0071781002786036885, -2.02592538464182]},\n",
       " 47: {'rotation': [[-0.026076913439849983,\n",
       "    -0.02333824793991157,\n",
       "    -0.999387472789481],\n",
       "   [-0.08304827223285141, 0.9963221303242434, -0.0210996944361587],\n",
       "   [0.9962042858091852, 0.08244718800090321, -0.027919207119023792]],\n",
       "  'center': [1.898454934339845, 0.006003651090670099, -1.9617357186047697]},\n",
       " 48: {'rotation': [[-0.021280838509004963,\n",
       "    -0.02214870258005539,\n",
       "    -0.9995281691310024],\n",
       "   [-0.08407209669397271, 0.9962531576846111, -0.02028616180849433],\n",
       "   [0.9962324068558666, 0.08360072235011703, -0.02306319042772893]],\n",
       "  'center': [1.9005301490362485, 0.004876073074969401, -1.8968112173700613]},\n",
       " 49: {'rotation': [[-0.017077087625817697,\n",
       "    -0.021262664448883646,\n",
       "    -0.99962806692227],\n",
       "   [-0.08257731608258811, 0.9963882867095379, -0.0197830477082768],\n",
       "   [0.9964383372526453, 0.08220876600804687, -0.018771223844430623]],\n",
       "  'center': [1.9022396002727036, 0.003559000139430057, -1.8315482958912885]},\n",
       " 50: {'rotation': [[-0.013426536204606,\n",
       "    -0.01883296563274815,\n",
       "    -0.9997324879841718],\n",
       "   [-0.08085117675978294, 0.9965692340923595, -0.017687534512377753],\n",
       "   [0.9966357485772347, 0.0805920657760052, -0.014903140335221773]],\n",
       "  'center': [1.9036155075832235, 0.0021496885641200166, -1.7658767338767936]},\n",
       " 51: {'rotation': [[-0.009996796337146284,\n",
       "    -0.018830590636326833,\n",
       "    -0.9997727106294114],\n",
       "   [-0.07947120650812385, 0.9966750387843276, -0.017977608305940394],\n",
       "   [0.9967870341247105, 0.07927342505875322, -0.011460047134173772]],\n",
       "  'center': [1.9048103415357622, 0.0006658041665105508, -1.6998050404126155]},\n",
       " 52: {'rotation': [[-0.0071651954085046885,\n",
       "    -0.01879064854535891,\n",
       "    -0.9997977653015647],\n",
       "   [-0.07862622162378839, 0.9967385717894373, -0.018169666488954524],\n",
       "   [0.9968784164821329, 0.07848013146266848, -0.008619264335047302]],\n",
       "  'center': [1.9058409864010346, -0.0009417152196165379, -1.6336703249956679]},\n",
       " 53: {'rotation': [[-0.004692148809913256,\n",
       "    -0.017949847932855995,\n",
       "    -0.9998278785364675],\n",
       "   [-0.0767812896981681, 0.9968937219167829, -0.01753683994310096],\n",
       "   [0.9970369187205816, 0.07668578852754465, -0.006055786165072509]],\n",
       "  'center': [1.9066527715783523, -0.0024594524597826685, -1.567544251578579]},\n",
       " 54: {'rotation': [[-0.0021069726530471423,\n",
       "    -0.01842953615721025,\n",
       "    -0.9998279416295932],\n",
       "   [-0.0760197631543887, 0.9969399025087562, -0.018216102650730627],\n",
       "   [0.9971040849761823, 0.07596830248769147, -0.0035015340850338005]],\n",
       "  'center': [1.9073949884533115, -0.004067184576924555, -1.5013393667641608]},\n",
       " 55: {'rotation': [[0.0001249958007505864,\n",
       "    -0.018598644569761673,\n",
       "    -0.9998270224374901],\n",
       "   [-0.07439302412196631, 0.9970563363184508, -0.0185564050725544],\n",
       "   [0.9972289919261464, 0.07438247527069705, -0.001258981558962587]],\n",
       "  'center': [1.9080427937166482, -0.0056778241241823785, -1.4352298012468614]},\n",
       " 56: {'rotation': [[0.0023651771047524476,\n",
       "    -0.020389765175740166,\n",
       "    -0.9997893095114296],\n",
       "   [-0.07270617836240229, 0.9971425386280486, -0.02050778599325454],\n",
       "   [0.9973505991200876, 0.07273936440806143, 0.0008759567989029306]],\n",
       "  'center': [1.9085326059875511, -0.0073020586773009065, -1.3699212358444288]},\n",
       " 57: {'rotation': [[0.0037604655144588654,\n",
       "    -0.019874932873176432,\n",
       "    -0.9997954020410382],\n",
       "   [-0.07292250880893868, 0.9971351188870744, -0.02009632780062188],\n",
       "   [0.9973305202429757, 0.0729831605601355, 0.002300362260309411]],\n",
       "  'center': [1.9091089533545977, -0.008933002302297289, -1.3065013462863921]},\n",
       " 58: {'rotation': [[0.003618362151988795,\n",
       "    -0.022404939908290088,\n",
       "    -0.9997424298903408],\n",
       "   [-0.06940299434206018, 0.997332626735088, -0.022602124370191306],\n",
       "   [0.997582142899367, 0.06946690087657245, 0.002053740711832556]],\n",
       "  'center': [1.9093948378225707, -0.01051777441289082, -1.2449245578703638]},\n",
       " 59: {'rotation': [[0.0008845602458159096,\n",
       "    -0.025961453543464765,\n",
       "    -0.9996625533064055],\n",
       "   [-0.0676954936262657, 0.9973681901248248, -0.025961769389378164],\n",
       "   [0.9977056367966795, 0.06769561475488316, -0.000875241161454428]],\n",
       "  'center': [1.9100051845202088, -0.012044183142929031, -1.1863806872893266]},\n",
       " 60: {'rotation': [[-0.0015689771271998863,\n",
       "    -0.024893086929728477,\n",
       "    -0.9996888878715635],\n",
       "   [-0.06470343924051793, 0.9975978266194938, -0.02473946795125841],\n",
       "   [0.9979033035626363, 0.06464449355646401, -0.00317587650977692]],\n",
       "  'center': [1.9104738987037964, -0.01349820936493266, -1.1321604748588852]},\n",
       " 61: {'rotation': [[-0.0036977723699958007,\n",
       "    -0.025338647650605232,\n",
       "    -0.9996720859435548],\n",
       "   [-0.06155569546852262, 0.9977889212060743, -0.025063221536840586],\n",
       "   [0.9980968003329568, 0.061442832402622216, -0.005249334382288591]],\n",
       "  'center': [1.9110944523818465, -0.014655149495440214, -1.0827412118021014]},\n",
       " 62: {'rotation': [[-0.005973336744852074,\n",
       "    -0.030103733830518776,\n",
       "    -0.9995289312759255],\n",
       "   [-0.05739829926581781, 0.9979091324273398, -0.029711927899505435],\n",
       "   [0.9983334886146633, 0.0571937813715361, -0.0076887504121743245]],\n",
       "  'center': [1.9115024898951232, -0.015851720671967728, -1.0382677533507902]},\n",
       " 63: {'rotation': [[-0.006815588023207077,\n",
       "    -0.03145909498134237,\n",
       "    -0.9994818022869915],\n",
       "   [-0.05586418925948979, 0.9979560729593137, -0.031030127328207174],\n",
       "   [0.9984151141275245, 0.055623752000199735, -0.008559094294518243]],\n",
       "  'center': [1.9120252631637709, -0.016751376417277686, -0.9993960087387312]},\n",
       " 64: {'rotation': [[-0.007945545851717545,\n",
       "    -0.03484512861335494,\n",
       "    -0.9993611385845645],\n",
       "   [-0.056821456786968066, 0.997793653595654, -0.034338708374704124],\n",
       "   [0.9983527384395383, 0.05651231596877806, -0.009907966194937133]],\n",
       "  'center': [1.912774052188606, -0.017433999018630898, -0.9665664124028074]},\n",
       " 65: {'rotation': [[-0.008942714965220448,\n",
       "    -0.035799889824549416,\n",
       "    -0.9993189659651222],\n",
       "   [-0.05219598261391764, 0.998013264462673, -0.03528602209836117],\n",
       "   [0.9985968191657825, 0.05184488253539156, -0.01079355858246121]],\n",
       "  'center': [1.9129053966993967, -0.018017772559937032, -0.9404230302982421]},\n",
       " 66: {'rotation': [[-0.01005138817143472,\n",
       "    -0.03379846804223087,\n",
       "    -0.9993781232115427],\n",
       "   [-0.05107304410286105, 0.9981414974886538, -0.033242971545503555],\n",
       "   [0.998644337971179, 0.0507071449512418, -0.011758898290205589]],\n",
       "  'center': [1.9131787016644455, -0.01835863439972422, -0.9205601468505817]},\n",
       " 67: {'rotation': [[-0.0107870665864228,\n",
       "    -0.029480081035614874,\n",
       "    -0.9995071605629414],\n",
       "   [-0.05006988682261065, 0.9983273574486038, -0.028904909673937874],\n",
       "   [0.9986874614352735, 0.04973341122244811, -0.012245088000820232]],\n",
       "  'center': [1.913464936460919, -0.01861643415925222, -0.9037594714717015]},\n",
       " 68: {'rotation': [[-0.011494195453085977,\n",
       "    -0.029510241054282564,\n",
       "    -0.9994983887649868],\n",
       "   [-0.04904875734173272, 0.9983778103635857, -0.02891309697774241],\n",
       "   [0.9987302452985581, 0.048691821146170454, -0.012922990340910602]],\n",
       "  'center': [1.9137238848281053, -0.018922810825787614, -0.8882702841818088]},\n",
       " 69: {'rotation': [[-0.010896071332423598,\n",
       "    -0.027973777727715858,\n",
       "    -0.9995492701158653],\n",
       "   [-0.049150301093248756, 0.9984153169128459, -0.027406255787040253],\n",
       "   [0.998731957800471, 0.04882952706572158, -0.012253724110499532]],\n",
       "  'center': [1.9139907029200305, -0.01902722304903669, -0.8740795250230874]},\n",
       " 70: {'rotation': [[-0.009393647990659794,\n",
       "    -0.028315183715018573,\n",
       "    -0.9995549058198915],\n",
       "   [-0.047458549035658666, 0.9984851942982758, -0.027838873730171326],\n",
       "   [0.9988290371734582, 0.04717591693140885, -0.010723215973916445]],\n",
       "  'center': [1.914042291220189, -0.019216811174499478, -0.8600802708427048]},\n",
       " 71: {'rotation': [[-0.007594692330139991,\n",
       "    -0.02931360373799517,\n",
       "    -0.9995414114904406],\n",
       "   [-0.04332773229143789, 0.9986411479784933, -0.028957989893607167],\n",
       "   [0.9990320456636474, 0.04308793566752253, -0.008854464242371608]],\n",
       "  'center': [1.9138277075592682, -0.019226807490249152, -0.8445857502130998]},\n",
       " 72: {'rotation': [[-0.004692799617459174,\n",
       "    -0.027855878031764397,\n",
       "    -0.999600934218666],\n",
       "   [-0.03959271590045524, 0.9988333049720786, -0.027648611650145496],\n",
       "   [0.9992048811326816, 0.03944716640817421, -0.005790214416547833]],\n",
       "  'center': [1.9136059982646105, -0.01963813274545401, -0.8269149930234381]},\n",
       " 73: {'rotation': [[-0.0008439869939724334,\n",
       "    -0.027578695184215178,\n",
       "    -0.999619279154764],\n",
       "   [-0.03894135973542064, 0.9988623271338221, -0.02752493296561894],\n",
       "   [0.999241141160586, 0.03890330326259459, -0.00191697870307202]],\n",
       "  'center': [1.9136362950096382, -0.020128608395465084, -0.8074068779572099]},\n",
       " 74: {'rotation': [[0.0051518372098181,\n",
       "    -0.029744562060186056,\n",
       "    -0.9995442559492856],\n",
       "   [-0.03786594244202548, 0.9988348445136984, -0.02991861942458],\n",
       "   [0.9992695477078948, 0.03800282112085078, 0.004019528643494288]],\n",
       "  'center': [1.9134146294068675, -0.020676553993558916, -0.7876602173868121]},\n",
       " 75: {'rotation': [[0.010221395491135075,\n",
       "    -0.030756082985605733,\n",
       "    -0.999474655223231],\n",
       "   [-0.03785884469220766, 0.9987983286558216, -0.031122444520128214],\n",
       "   [0.9992308196571926, 0.03815707055998524, 0.009044722963983167]],\n",
       "  'center': [1.9132179872735144, -0.021032977482368095, -0.7695983220927705]},\n",
       " 76: {'rotation': [[0.015138847844602808,\n",
       "    -0.029187818773129797,\n",
       "    -0.999459297080779],\n",
       "   [-0.03418859555552553, 0.9989742510144344, -0.029691509629701008],\n",
       "   [0.9993007331228565, 0.0346196049286652, 0.014125428655601064]],\n",
       "  'center': [1.9125430395515357, -0.021262785349679025, -0.7532052763159582]},\n",
       " 77: {'rotation': [[0.020293981775590334,\n",
       "    -0.023001874999272257,\n",
       "    -0.9995294233038915],\n",
       "   [-0.03322726333401583, 0.999167536664298, -0.023668177951219418],\n",
       "   [0.9992417641767302, 0.03369194893021886, 0.019512798422049817]],\n",
       "  'center': [1.9120696564992494, -0.02144742059732432, -0.738489242724597]},\n",
       " 78: {'rotation': [[0.026428429770485384,\n",
       "    -0.014026197938844409,\n",
       "    -0.9995523017187479],\n",
       "   [-0.03036431653155424, 0.999428916553584, -0.014827307176306783],\n",
       "   [0.9991894446907643, 0.030742584925626107, 0.02598744101777939]],\n",
       "  'center': [1.9112120988744703, -0.021030038995673496, -0.7217014618206694]},\n",
       " 79: {'rotation': [[0.03853683473219617,\n",
       "    -0.024132442583734356,\n",
       "    -0.9989657339387404],\n",
       "   [-0.03041907434811928, 0.9992166851671388, -0.02531197343943712],\n",
       "   [0.9987940690075343, 0.03136305626908741, 0.037772561692782584]],\n",
       "  'center': [1.910137564543163, -0.021452340280239898, -0.7000560309949845]},\n",
       " 80: {'rotation': [[0.06441483363628914,\n",
       "    -0.023408218826886422,\n",
       "    -0.9976486277738078],\n",
       "   [-0.029379137070560134, 0.9992470250869193, -0.025342635220724274],\n",
       "   [0.9974906493359215, 0.030942497415271043, 0.06367861761303799]],\n",
       "  'center': [1.9077132706118647, -0.02211358233194417, -0.6719705171152449]},\n",
       " 81: {'rotation': [[0.10122008395484107,\n",
       "    -0.027573607759383396,\n",
       "    -0.9944818705030807],\n",
       "   [-0.03452393168383932, 0.9989164153335164, -0.03121046808887902],\n",
       "   [0.9942648504021774, 0.037492550358291334, 0.1001584540733655]],\n",
       "  'center': [1.9046273498943411, -0.02279957679176265, -0.6451750234942505]},\n",
       " 82: {'rotation': [[0.16266474799559455,\n",
       "    -0.03096440159305119,\n",
